materialname: "Skin1";
material:
diffuse: 0.643137 0.643137 0.643137 0.000000;
ambient: 0.219608 0.219608 0.219608 1.000000;
specular: 0.894118 0.894118 0.894118 0.000000;
emissive: 0.000000 0.000000 0.000000 0.000000;
power: 0.000000;
